4294967278,229
4294967279,350
4294967279,226
4294967278,225
4294967279,224
4294967279,349
4294967279,220
11,448
4294967278,340
4294967279,532
4294967278,332
4294967278,330
4294967279,348
9,4
9,7
4294967278,204
4294967278,321
4294967279,518
4294967278,196
4294967279,314
4294967278,306
4294967278,299
4294967278,296
4294967279,171
4294967279,170
4294967279,320
4294967278,364
4294967279,347
4294967279,157
4294967278,358
4294967278,289
4294967279,152
4294967278,150
4294967279,321
4294967278,144
4294967279,574
4294967279,541
4294967294,1454
4294967279,138
4294967279,294
4294967278,134
4294967278,133
4294967278,280
4294967279,286
4294967278,285
4294967294,271
4294967278,415
4294967278,264
4294967279,265
4294967278,262
4294967279,284
4294967278,414
4294967279,563
4294967278,342
4294967278,339
4294967279,257
4294967279,256
4294967279,255
4294967294,1424
4294967279,248
4294967278,413
3,6
4294967279,234
4294967279,232
4294967278,412
4294967279,526
4294967279,525
9,5
4294967279,524
4294967279,523
71,4
4294967278,322
4294967279,520
4294967279,517
13,20
13,0
4294967279,136
13,19
4294967278,307
13,18
4294967279,312
4294967278,304
4294967279,258
4294967278,303
4294967278,294
66,5
53,4
61,4
61,5
5,2
4294967278,297
4294967278,360
4294967294,5
4294967278,290
4294967279,558
4294967278,359
4294967279,296
13,17
13,16
13,15
13,14
4294967278,260
4294967279,555
4294967279,346
4294967279,538
29,5
29,4
4294967279,527
11,391
11,390
11,389
11,388
11,387
11,386
11,385
11,384
4294967279,201
11,383
11,382
11,381
11,380
11,379
11,378
11,377
11,376
11,375
11,374
11,373
11,372
11,371
11,370
11,369
11,368
11,367
11,366
11,365
11,364
4294967279,515
11,363
11,362
11,361
11,360
11,359
11,0
4294967279,297
4294967278,411
4294967278,385
4294967279,219
4294967278,288
4294967279,345
11,358
4294967279,148
11,357
11,356
11,355
11,354
11,353
11,352
11,351
11,350
11,349
11,348
4294967279,147
11,347
11,346
11,345
11,344
11,343
11,342
11,341
11,340
11,339
11,338
11,337
11,336
11,335
11,334
11,333
11,332
11,331
11,330
11,329
11,328
11,327
11,326
11,325
11,324
11,323
11,322
11,321
11,320
11,319
11,318
11,317
11,316
13,13
4294967278,139
4294967278,276
4294967279,293
4294967278,272
4294967279,292
4294967279,270
4294967278,267
4294967279,290
4294967279,289
4294967278,263
4294967278,378
4294967278,261
4294967279,262
4294967278,258
4294967278,345
4294967279,279
4294967278,344
4294967278,343
4294967278,410
4294967279,536
4294967278,338
4294967278,251
4294967279,251
4294967278,367
4294967278,246
4294967279,238
4294967279,236
4294967278,233
4294967279,344
4294967279,230
4294967279,228
4294967279,218
4294967278,409
4294967278,346
4294967279,216
4294967279,531
4294967279,212
4294967279,211
4294967279,528
4294967278,206
4294967279,204
4294967279,521
4294967278,320
4294967278,198
4294967279,516
4294967279,194
4294967278,312
13,12
4294967279,193
4294967278,326
4294967278,318
4294967278,314
4294967278,311
4294967278,309
4294967278,291
4294967279,529
4294967279,519
4294967279,512
4294967279,318
4294967279,303
4294967279,300
4294967279,26
4294967279,25
4294967278,308
4294967279,317
4294967279,316
4294967278,277
4294967278,305
4294967278,408
4294967279,180
4294967279,179
4294967279,305
4294967279,176
4294967278,295
4294967279,302
4294967279,301
4294967278,293
4294967278,292
4294967279,299
4294967279,169
4294967278,165
4294967279,165
4294967279,164
4294967279,573
4294967279,151
4294967279,150
4294967279,149
4294967279,575
4294967278,407
4294967279,145
4294967278,141
4294967279,28
4294967279,27
4294967278,351
4294967278,384
4294967278,302
4294967278,269
4294967279,269
4294967278,268
4294967279,268
4294967279,291
4294967278,266
4294967279,267
4294967278,265
4294967279,266
54,4
4294967278,278
4294967279,263
11,14
11,13
11,12
11,11
11,8
11,7
11,315
11,314
11,313
11,312
11,311
11,310
11,309
11,308
11,307
11,306
11,305
11,304
11,303
11,302
11,301
11,300
11,299
11,298
11,297
11,296
11,295
11,294
11,293
11,292
11,291
11,290
11,289
11,288
11,287
11,286
11,285
11,284
11,283
11,282
11,281
11,280
11,279
11,278
11,277
11,276
11,275
11,274
11,273
11,272
11,271
11,270
11,269
11,268
11,267
11,266
11,265
11,264
11,263
11,262
11,261
11,260
11,259
11,258
11,257
11,256
11,255
11,254
11,253
11,252
11,251
11,250
11,249
11,248
11,247
11,246
11,245
11,244
11,243
11,242
11,241
11,240
11,239
11,238
11,237
11,236
11,235
11,234
11,233
11,232
11,231
11,230
11,229
11,228
11,227
11,226
11,225
11,224
11,223
11,222
11,221
11,220
11,219
11,218
11,217
11,216
11,215
11,214
11,213
11,212
11,211
11,210
11,209
11,208
11,207
11,206
11,205
11,204
11,203
11,202
11,201
11,200
11,199
11,198
11,197
11,196
11,195
11,194
11,193
11,192
11,191
11,190
11,189
11,188
11,187
11,186
11,185
11,184
11,183
11,182
11,181
11,180
11,179
11,178
11,177
11,176
11,175
11,174
11,173
11,172
11,171
4294967279,283
4294967294,1425
4294967278,406
4294967279,280
4294967279,562
4294967278,405
4294967279,343
4294967278,404
4294967278,244
5,6
4294967278,242
4294967278,236
4294967278,234
4294967278,403
4294967278,228
4294967278,227
4294967279,342
4294967278,221
11,10
4294967279,341
4294967278,219
4294967278,174
34,2
4294967279,215
4294967278,213
4294967279,214
4294967279,213
4294967278,331
4294967279,340
4294967279,210
11,16
11,5
11,170
11,169
11,168
11,167
11,166
11,165
11,164
11,163
11,162
11,161
11,160
11,159
11,158
11,157
11,156
11,155
11,154
11,153
11,152
11,151
11,150
11,149
11,148
11,147
11,146
11,145
11,144
11,143
11,1
11,142
4294967279,209
4294967279,208
4294967279,207
4294967279,206
4294967279,205
4294967278,202
4294967279,203
4294967279,202
4294967278,200
4,2
4294967279,200
4294967279,199
4294967279,198
4294967279,513
4294967278,192
7,4
11,113
11,112
11,111
11,110
11,109
11,118
11,117
11,116
11,115
11,114
4294967279,319
4294967279,186
4294967278,184
4294967279,185
4294967279,184
4294967278,182
4294967279,183
4294967279,182
4294967278,382
4294967279,181
4294967278,179
4294967278,177
4294967279,306
34,11
34,10
34,9
34,8
34,7
34,6
34,5
34,4
4294967294,1437
4294967294,1438
4294967294,478
6,2
4294967278,164
4294967278,163
4294967279,545
4294967278,362
4,4
4294967278,160
4294967278,156
4294967279,570
12,2
4294967294,1426
13,2
13,8
13,7
4294967294,475
12,6
4294967294,474
4294967294,221
11,2
7,5
5,4
5,5
4294967279,275
13,5
4294967279,339
4294967294,270
13,6
4294967279,564
4294967278,377
4294967278,375
13,4
4294967279,246
4294967278,402
4294967279,338
4294967278,401
4294967278,217
12,5
12,4
6,4
6,5
6,6
9,6
4294967278,334
7,2
4294967279,533
3,4
3,5
2,4
2,5
11,108
11,107
11,106
11,105
11,104
11,4
11,6
4294967293,131
4294967293,130
4294967293,129
4294967293,128
4294967293,127
4294967293,126
4294967293,125
4294967293,124
4294967293,123
4294967293,122
4294967293,121
4294967293,120
4294967293,119
4294967293,118
4294967293,117
4294967293,116
4294967293,115
4294967293,114
4294967293,113
4294967293,112
4294967293,111
4294967293,110
4294967293,109
4294967293,108
4294967293,107
4294967293,106
4294967293,105
4294967293,104
4294967293,103
4294967293,102
4294967293,101
4294967293,100
4294967293,99
4294967293,98
4294967293,97
4294967293,96
4294967293,95
4294967293,94
4294967293,93
4294967293,92
4294967293,91
4294967293,90
4294967293,89
4294967293,87
4294967293,86
4294967293,85
4294967293,84
4294967293,83
4294967293,82
4294967293,81
4294967293,80
4294967293,79
